0,
-3,
-6,
-9,
-11,
-12,
-12,
-11,
-8,
-4,
0,
5,
11,
17,
22,
25,
26,
23,
18,
10,
0,
-12,
-25,
-37,
-47,
-54,
-55,
-50,
-39,
-21,
0,
25,
50,
74,
93,
104,
105,
95,
73,
41,
0,
-46,
-93,
-135,
-168,
-188,
-189,
-170,
-130,
-72,
0,
81,
164,
239,
298,
332,
335,
303,
234,
131,
0,
-149,
-303,
-448,
-566,
-642,
-661,
-612,
-486,
-281,
0,
348,
750,
1186,
1635,
2071,
2470,
2808,
3066,
3227,
3282,
3227,
3066,
2808,
2470,
2071,
1635,
1186,
750,
348,
0,
-281,
-486,
-612,
-661,
-642,
-566,
-448,
-303,
-149,
0,
131,
234,
303,
335,
332,
298,
239,
164,
81,
0,
-72,
-130,
-170,
-189,
-188,
-168,
-135,
-93,
-46,
0,
41,
73,
95,
105,
104,
93,
74,
50,
25,
0,
-21,
-39,
-50,
-55,
-54,
-47,
-37,
-25,
-12,
0,
10,
18,
23,
26,
25,
22,
17,
11,
5,
0,
-4,
-8,
-11,
-12,
-12,
-11,
-9,
-6,
-3,
