0,
0,
0,
0,
0,
0,
0,
0,
0,
1,
2,
2,
1,
0,
-1,
-3,
-6,
-7,
-7,
-4,
0,
5,
12,
16,
17,
14,
7,
-4,
-17,
-28,
-35,
-35,
-25,
-7,
16,
40,
59,
67,
60,
37,
0,
-43,
-84,
-111,
-116,
-93,
-44,
24,
97,
159,
192,
185,
131,
37,
-79,
-196,
-284,
-318,
-280,
-169,
0,
197,
380,
503,
526,
425,
203,
-112,
-466,
-782,
-978,
-980,
-735,
-225,
525,
1451,
2454,
3414,
4208,
4732,
4915,
4732,
4208,
3414,
2454,
1451,
525,
-225,
-735,
-980,
-978,
-782,
-466,
-112,
203,
425,
526,
503,
380,
197,
0,
-169,
-280,
-318,
-284,
-196,
-79,
37,
131,
185,
192,
159,
97,
24,
-44,
-93,
-116,
-111,
-84,
-43,
0,
37,
60,
67,
59,
40,
16,
-7,
-25,
-35,
-35,
-28,
-17,
-4,
7,
14,
17,
16,
12,
5,
0,
-4,
-7,
-7,
-6,
-3,
-1,
0,
1,
2,
2,
1,
0,
0,
0,
0,
0,
0,
0,
0,
