0,
0,
0,
0,
0,
0,
0,
0,
0,
0,
-2,
0,
-4,
-1,
2,
-3,
7,
6,
2,
15,
-2,
0,
3,
-26,
-4,
-17,
-29,
16,
-14,
17,
51,
0,
63,
25,
-26,
36,
-81,
-59,
-19,
-135,
20,
0,
-24,
188,
31,
116,
186,
-98,
84,
-97,
-286,
0,
-331,
-131,
132,
-178,
393,
284,
90,
627,
-94,
0,
110,
-851,
-143,
-526,
-851,
454,
-396,
466,
1403,
0,
1759,
735,
-795,
1174,
-2903,
-2454,
-969,
-9410,
2638,
19660,
2638,
-9410,
-969,
-2454,
-2903,
1174,
-795,
735,
1759,
0,
1403,
466,
-396,
454,
-851,
-526,
-143,
-851,
110,
0,
-94,
627,
90,
284,
393,
-178,
132,
-131,
-331,
0,
-286,
-97,
84,
-98,
186,
116,
31,
188,
-24,
0,
20,
-135,
-19,
-59,
-81,
36,
-26,
25,
63,
0,
51,
17,
-14,
16,
-29,
-17,
-4,
-26,
3,
0,
-2,
15,
2,
6,
7,
-3,
2,
-1,
-4,
0,
-2,
0,
0,
0,
0,
0,
0,
0,
