0,
0,
0,
0,
0,
0,
0,
0,
0,
1,
-2,
1,
0,
-2,
4,
-3,
0,
5,
-8,
7,
0,
-9,
14,
-11,
0,
14,
-23,
18,
0,
-22,
35,
-28,
0,
33,
-52,
40,
0,
-48,
74,
-57,
0,
68,
-104,
79,
0,
-93,
142,
-108,
0,
126,
-192,
146,
0,
-170,
258,
-196,
0,
227,
-347,
264,
0,
-307,
470,
-360,
0,
425,
-657,
509,
0,
-620,
978,
-778,
0,
1021,
-1699,
1451,
0,
-2444,
5202,
-7370,
8192,
-7370,
5202,
-2444,
0,
1451,
-1699,
1021,
0,
-778,
978,
-620,
0,
509,
-657,
425,
0,
-360,
470,
-307,
0,
264,
-347,
227,
0,
-196,
258,
-170,
0,
146,
-192,
126,
0,
-108,
142,
-93,
0,
79,
-104,
68,
0,
-57,
74,
-48,
0,
40,
-52,
33,
0,
-28,
35,
-22,
0,
18,
-23,
14,
0,
-11,
14,
-9,
0,
7,
-8,
5,
0,
-3,
4,
-2,
0,
1,
-2,
1,
0,
0,
0,
0,
0,
0,
0,
0,
